**** Calibrating ****
mono pinhole calibration...
D = [0.0264634476145048, -0.017261542060371362, -0.004043197068654942, -0.0010053960001670068, 0.0]
K = [698.3123539905446, 0.0, 968.7643726741212, 0.0, 695.6566394309087, 540.4415805766309, 0.0, 0.0, 1.0]
R = [1.0, 0.0, 0.0, 0.0, 1.0, 0.0, 0.0, 0.0, 1.0]
P = [688.784912109375, 0.0, 965.5612950166105, 0.0, 0.0, 703.4603271484375, 534.8097194915899, 0.0, 0.0, 0.0, 1.0, 0.0]
None
# oST version 5.0 parameters


[image]

width
1920

height
1080

[narrow_stereo]

camera matrix
698.312354 0.000000 968.764373
0.000000 695.656639 540.441581
0.000000 0.000000 1.000000

distortion
0.026463 -0.017262 -0.004043 -0.001005 0.000000

rectification
1.000000 0.000000 0.000000
0.000000 1.000000 0.000000
0.000000 0.000000 1.000000

projection
688.784912 0.000000 965.561295 0.000000
0.000000 703.460327 534.809719 0.000000
0.000000 0.000000 1.000000 0.000000

**** Calibrating ****
mono pinhole calibration...
D = [0.0264634476145048, -0.017261542060371362, -0.004043197068654942, -0.0010053960001670068, 0.0]
K = [698.3123539905446, 0.0, 968.7643726741212, 0.0, 695.6566394309087, 540.4415805766309, 0.0, 0.0, 1.0]
R = [1.0, 0.0, 0.0, 0.0, 1.0, 0.0, 0.0, 0.0, 1.0]
P = [688.784912109375, 0.0, 965.5612950166105, 0.0, 0.0, 703.4603271484375, 534.8097194915899, 0.0, 0.0, 0.0, 1.0, 0.0]
None
# oST version 5.0 parameters


[image]

width
1920

height
1080

[narrow_stereo]

camera matrix
698.312354 0.000000 968.764373
0.000000 695.656639 540.441581
0.000000 0.000000 1.000000

distortion
0.026463 -0.017262 -0.004043 -0.001005 0.000000

rectification
1.000000 0.000000 0.000000
0.000000 1.000000 0.000000
0.000000 0.000000 1.000000

projection
688.784912 0.000000 965.561295 0.000000
0.000000 703.460327 534.809719 0.000000
0.000000 0.000000 1.000000 0.000000